000010
002973
605178
002514
002501
002470
603939
603313
000157
600645
002773
002102
600262
603272
603556
002175
603586
001207
002100
002940
600053
603798
600525
603070
603776
002393
600328
601636
600596
603127
603858
000752
000712
600620
600406
600439
603086
603185
603610
000838
000858
002227
600721
603078
600010
600585
605155
000401
000403
002124
002821
000931
002826
605507
000034
002945
600276
600520
601336
000783
002150
000785
002099
600089
600155
603032
603585
603655
603998
000739
002304
002567
600726
601012
000056
600000
600993
603718
603978
000100
000672
002601
002768
600373
002049
002371
002487
600031
600312
600380
600562
600716
601677
601828
603255
000428
000919
002349
002483
600032
002344
002952
600517
600621
603196
603285
001317
002971
003022
600056
600382
600395
600436
600688
600854
601888
603061
605090
605117
000425
002689
002760
600369
603215
000513
000875
002181
002763
600575
600639
601179
603079
603356
603685
603855
603871
000625
600195
605208
001332
002054
002115
002832
600036
600109
601138
601696
603281
603986
605020
000999
002004
002312
002955
600392
600763
605168
002673
002907
600153
601601
601919
601949
603299
603589
000966
002142
002942
600289
000987
001289
002370
002656
600780
600876
601881
600027
600268
600549
600694
601766
603398
603823
000554
600236
600616
600867
603156
603171
603283
001389
002409
002631
003037
600739
600851
600864
605337
000786
000926
002302
002513
002793
600212
601528
601717
601858
603717
000951
002032
002156
002916
600613
603198
000543
002154
002511
002529
600085
600622
600982
601158
603168
603867
002737
603279
603856
000423
000690
000789
002688
600776
601878
603566
002591
002636
002660
600448
600460
600578
600685
000811
000820
000852
002366
002399
600267
600572
600720
601136
000686
600533
600861
000707
603395
001258
002589
600339
600377
600425
600757
600930
603333
000698
002145
002395
600390
601375
603080
003017
600059
601816
601901
603019
603707
002248
002319
002585
600061
600805
601236
002551
600073
600548
600529
000750
002443
600356
600511
000651
000953
001366
600619
600648
600887
000563
000715
002168
002727
600918
600008
600787
002650
603557
603711
603866
002646
600335
601995
001209
002856
601997
000166
002500
002999
601059
002563
002584
000619
002641
600197
601607
002830
601658
002108
